2.83 
-1.21 
0.01 
-2.92 
-1.45 
3.00 
0.62 
-1.19 
0.23 
-0.88 
1.55 
2.26 
-0.17 
1.75 
1.23 
1.97 
1.09 
0.55 
-0.95 
0.06 
0.72 
2.64 
0.64 
5.03 
-0.15 
-2.86 
0.87 
1.66 
-1.95 
-1.26 
-2.23 
0.18 
-1.47 
1.69 
-1.38 
-1.85 
-0.95 
1.90 
2.45 
1.95 
0.73 
0.74 
2.45 
-1.88 
-1.09 
-1.28 
2.48 
3.92 
3.30 
1.25 
-1.40 
1.59 
-1.69 
-0.84 
-0.63 
2.71 
-1.55 
1.09 
5.09 
-0.34 
1.69 
0.72 
-1.28 
-3.12 
0.97 
2.00 
1.38 
1.87 
-1.51 
1.25 
-1.10 
1.83 
1.56 
1.97 
-0.84 
1.20 
-1.30 
2.48 
-2.27 
-0.02 
-0.09 
0.53 
-1.59 
-2.39 
1.75 
3.21 
-1.83 
0.69 
1.66 
1.59 
2.34 
-1.67 
2.10 
-0.13 
-1.47 
1.12 
2.70 
-1.26 
0.48 
1.65 
